3	0.8	0.3					
3.01	7	14.22	1	17.0	3.65	0.002739726	1
3.21	7	14.22	1	17.0	3.65	0.002739726	1
5.8	12	19.13	1	350.0	2.06	0.002739726	1
0.09108 	1.16863 	0.03469	  0.06307	0.01794
0.09108 	1.16863 	0.03469	  0.06307	0.01794
0.05152 	0.30797 	0.09461	  0.18922	0.00805
4	0	0	0	0	0	0
52	0.046544738	0.210820283	52	0	0	0
152	0.052020589	0.815901873	100	0.210820283	0	0
36	0.068448144	0.136896287	-116	1.026722155	0	0
100	0.410688862	50.70638484	64	1.163618443	0	0
30	1	9.81	0	0	0	0
1.5	0.0275	5	1.82	1	0	1
1.5	0.0275	5	1.82	1	0	1
1.5	0.0275	5	2	1	0	1
2	0	0	0
0	2	6	10
4	0	0	0
1	2	3	3
0	0	0	0