0.00246537
0.00307746
0.00368955
0.00430164
0.00491373
0.00552582
0.00613791
0.00675
0.009145161
0.011540323
0.013519355
0.013625806
0.013732258
0.01383871
0.013945161
0.014051613
0.014158065
0.014264516
0.014370968
0.014477419
0.014583871
0.014690323
0.014796774
0.014903226
0.015009677
0.015116129
0.015222581
0.015329032
0.015435484
0.015541935
0.015648387
0.015754839
0.01586129
0.015967742
0.016074194
0.016180645
0.016287097
0.016393548
0.0165
0.01704786
0.01868388
0.0203199
0.02195592
0.02359194
0.02522796
0.02686398
0.0285
0.029564516
0.030629032
0.031693548
0.032758065
0.033822581
0.034887097
0.035951613
0.037016129
0.038080645
0.039145161
0.040209677
0.042274194
0.04471371
0.047153226
0.049592742
0.052032258
0.054471774
0.05691129
0.059350806
0.061790323
0.064229839
0.066669355
0.071037634
0.07772043
0.084403226
0.091086022
0.097768817
0.104451613
0.111134409
0.117817204
0.1245
0.125522672
0.130576576
0.13563048
0.160636391
0.211852294
0.263005506
0.313931324
0.364857143
0.626048387
0.764484543
0.81855914
0.874824093
0.93365121
0.997985615
1.058408189
1.101735484
1.140008666
1.152397689
1.164786712
1.192741935
1.222387097
1.24164994
1.259163477
1.268542737
1.277921997
1.287301258
1.296680518
1.306059778
1.314917014
1.320893861
1.326870708
1.332847555
1.338824402
1.357127742
1.375804194
1.394480645
1.407749895
1.417374948
1.427
0.00401764
0.00501512
0.0060126
0.00701008
0.00800756
0.00900504
0.01000252
0.011
0.014903226
0.018806452
0.022148387
0.022964516
0.023780645
0.024596774
0.025412903
0.026229032
0.027045161
0.02786129
0.028677419
0.029493548
0.030309677
0.031125806
0.031941935
0.032758065
0.033574194
0.034390323
0.035206452
0.036022581
0.03683871
0.037654839
0.038470968
0.039287097
0.040103226
0.040919355
0.041735484
0.042551613
0.043367742
0.044183871
0.045
0.045284076
0.046132382
0.046980689
0.047828996
0.048677302
0.049525609
0.050373916
0.051222222
0.051774194
0.052179724
0.052483871
0.052788018
0.053092166
0.053396313
0.053700461
0.054004608
0.054308756
0.054612903
0.054917051
0.056096774
0.057604839
0.059112903
0.060620968
0.062129032
0.063637097
0.065145161
0.066653226
0.06816129
0.069669355
0.071177419
0.073397849
0.076473118
0.079548387
0.082623656
0.085698925
0.088774194
0.091849462
0.094924731
0.098
0.099534008
0.107114864
0.11469572
0.134602743
0.170702057
0.209197507
0.256384468
0.303571429
0.564201613
0.666329032
0.741953917
0.803475302
0.860449597
0.907798605
0.945980149
0.980148387
1.006586904
1.028710159
1.050833414
1.073748053
1.09674861
1.121360215
1.14466211
1.158061053
1.171459996
1.184858939
1.198257882
1.211656825
1.224650624
1.235408949
1.246167274
1.256925598
1.267683923
1.275193548
1.282604839
1.290016129
1.298289904
1.307144952
1.316
0
0
0
0
0
0
0
0
0
0
2.58E-05
0.000167742
0.000309677
0.000451613
0.000593548
0.000735484
0.000877419
0.001019355
0.00116129
0.001303226
0.001445161
0.001587097
0.001729032
0.001870968
0.002012903
0.002154839
0.002296774
0.00243871
0.002580645
0.002722581
0.002864516
0.003006452
0.003148387
0.003290323
0.003432258
0.003574194
0.003716129
0.003858065
0.004
0.004162329
0.004647076
0.005131822
0.005616569
0.006101316
0.006586062
0.007070809
0.007555556
0.007870968
0.008239631
0.008645161
0.009050691
0.009456221
0.009861751
0.010267281
0.010672811
0.011078341
0.011483871
0.011889401
0.01316129
0.014758065
0.016354839
0.017951613
0.019548387
0.021145161
0.022741935
0.02433871
0.025935484
0.027532258
0.029129032
0.030376344
0.031204301
0.032032258
0.032860215
0.033688172
0.034516129
0.035344086
0.036172043
0.037
0.037292192
0.038736165
0.040180137
0.043145377
0.048109033
0.056179306
0.075518224
0.094857143
0.237693548
0.307821935
0.357096774
0.398324597
0.437233871
0.470870968
0.499540116
0.526122581
0.547797785
0.565053924
0.582310063
0.601059511
0.619971079
0.643321983
0.665246583
0.67529579
0.685344997
0.695394204
0.705443412
0.715492619
0.725467222
0.735030177
0.744593132
0.754156087
0.763719043
0.770042581
0.776268065
0.782493548
0.78936992
0.79668496
0.804
0.000426113
0.000531907
0.0006377
0.000743493
0.000849287
0.00095508
0.001060873
0.001166667
0.001580645
0.001994624
0.002339785
0.002375269
0.002410753
0.002446237
0.00248172
0.002517204
0.002552688
0.002588172
0.002623656
0.00265914
0.002694624
0.002730108
0.002765591
0.002801075
0.002836559
0.002872043
0.002907527
0.002943011
0.002978495
0.003013978
0.003049462
0.003084946
0.00312043
0.003155914
0.003191398
0.003226882
0.003262366
0.003297849
0.003333333
0.00345508
0.00381864
0.0041822
0.00454576
0.00490932
0.00527288
0.00563644
0.006
0.006236559
0.006513057
0.006817204
0.007121352
0.007425499
0.007729647
0.008033794
0.008337942
0.008642089
0.008946237
0.009250384
0.011333333
0.014083333
0.016833333
0.019583333
0.022333333
0.025083333
0.027833333
0.030583333
0.033333333
0.036083333
0.038833333
0.040924731
0.042225806
0.043526882
0.044827957
0.046129032
0.047430108
0.048731183
0.050032258
0.051333333
0.051552477
0.052635457
0.053718436
0.05511347
0.056918436
0.060562297
0.070876386
0.081190476
0.145357527
0.174515269
0.192725038
0.208460853
0.22374664
0.236716943
0.247993383
0.259384946
0.268768095
0.277617397
0.286466699
0.292866148
0.298999629
0.308677419
0.317852743
0.322039913
0.326227082
0.330414252
0.334601422
0.338788591
0.343066944
0.347848422
0.352629899
0.357411377
0.362192855
0.363484301
0.364670108
0.365855914
0.367713308
0.370023321
0.372333333
