0.00401764
0.00501512
0.0060126
0.00701008
0.00800756
0.00900504
0.01000252
0.011
0.014903226
0.018806452
0.022148387
0.022964516
0.023780645
0.024596774
0.025412903
0.026229032
0.027045161
0.02786129
0.028677419
0.029493548
0.030309677
0.031125806
0.031941935
0.032758065
0.033574194
0.034390323
0.035206452
0.036022581
0.03683871
0.037654839
0.038470968
0.039287097
0.040103226
0.040919355
0.041735484
0.042551613
0.043367742
0.044183871
0.045
0.045284076
0.046132382
0.046980689
0.047828996
0.048677302
0.049525609
0.050373916
0.051222222
0.051774194
0.052179724
0.052483871
0.052788018
0.053092166
0.053396313
0.053700461
0.054004608
0.054308756
0.054612903
0.054917051
0.056096774
0.057604839
0.059112903
0.060620968
0.062129032
0.063637097
0.065145161
0.066653226
0.06816129
0.069669355
0.071177419
0.073397849
0.076473118
0.079548387
0.082623656
0.085698925
0.088774194
0.091849462
0.094924731
0.098
0.099534008
0.107114864
0.11469572
0.134602743
0.170702057
0.209197507
0.256384468
0.303571429
0.564201613
0.666329032
0.741953917
0.803475302
0.860449597
0.907798605
0.945980149
0.980148387
1.006586904
1.028710159
1.050833414
1.073748053
1.09674861
1.121360215
1.14466211
1.158061053
1.171459996
1.184858939
1.198257882
1.211656825
1.224650624
1.235408949
1.246167274
1.256925598
1.267683923
1.275193548
1.282604839
1.290016129
1.298289904
1.307144952
1.316
