0.000426113
0.000531907
0.0006377
0.000743493
0.000849287
0.00095508
0.001060873
0.001166667
0.001580645
0.001994624
0.002339785
0.002375269
0.002410753
0.002446237
0.00248172
0.002517204
0.002552688
0.002588172
0.002623656
0.00265914
0.002694624
0.002730108
0.002765591
0.002801075
0.002836559
0.002872043
0.002907527
0.002943011
0.002978495
0.003013978
0.003049462
0.003084946
0.00312043
0.003155914
0.003191398
0.003226882
0.003262366
0.003297849
0.003333333
0.00345508
0.00381864
0.0041822
0.00454576
0.00490932
0.00527288
0.00563644
0.006
0.006236559
0.006513057
0.006817204
0.007121352
0.007425499
0.007729647
0.008033794
0.008337942
0.008642089
0.008946237
0.009250384
0.011333333
0.014083333
0.016833333
0.019583333
0.022333333
0.025083333
0.027833333
0.030583333
0.033333333
0.036083333
0.038833333
0.040924731
0.042225806
0.043526882
0.044827957
0.046129032
0.047430108
0.048731183
0.050032258
0.051333333
0.051552477
0.052635457
0.053718436
0.05511347
0.056918436
0.060562297
0.070876386
0.081190476
0.145357527
0.174515269
0.192725038
0.208460853
0.22374664
0.236716943
0.247993383
0.259384946
0.268768095
0.277617397
0.286466699
0.292866148
0.298999629
0.308677419
0.317852743
0.322039913
0.326227082
0.330414252
0.334601422
0.338788591
0.343066944
0.347848422
0.352629899
0.357411377
0.362192855
0.363484301
0.364670108
0.365855914
0.367713308
0.370023321
0.372333333
