0
0
0
0
0
0
0
0
0
0
2.58E-05
0.000167742
0.000309677
0.000451613
0.000593548
0.000735484
0.000877419
0.001019355
0.00116129
0.001303226
0.001445161
0.001587097
0.001729032
0.001870968
0.002012903
0.002154839
0.002296774
0.00243871
0.002580645
0.002722581
0.002864516
0.003006452
0.003148387
0.003290323
0.003432258
0.003574194
0.003716129
0.003858065
0.004
0.004162329
0.004647076
0.005131822
0.005616569
0.006101316
0.006586062
0.007070809
0.007555556
0.007870968
0.008239631
0.008645161
0.009050691
0.009456221
0.009861751
0.010267281
0.010672811
0.011078341
0.011483871
0.011889401
0.01316129
0.014758065
0.016354839
0.017951613
0.019548387
0.021145161
0.022741935
0.02433871
0.025935484
0.027532258
0.029129032
0.030376344
0.031204301
0.032032258
0.032860215
0.033688172
0.034516129
0.035344086
0.036172043
0.037
0.037292192
0.038736165
0.040180137
0.043145377
0.048109033
0.056179306
0.075518224
0.094857143
0.237693548
0.307821935
0.357096774
0.398324597
0.437233871
0.470870968
0.499540116
0.526122581
0.547797785
0.565053924
0.582310063
0.601059511
0.619971079
0.643321983
0.665246583
0.67529579
0.685344997
0.695394204
0.705443412
0.715492619
0.725467222
0.735030177
0.744593132
0.754156087
0.763719043
0.770042581
0.776268065
0.782493548
0.78936992
0.79668496
0.804
